(kicad_pcb (version 20171130) (host pcbnew "(5.1.9-0-10_14)")

  (general
    (thickness 1.6)
    (drawings 143)
    (tracks 263)
    (zones 0)
    (modules 166)
    (nets 147)
  )

  (page A3)
  (layers
    (0 F.Cu signal hide)
    (31 B.Cu signal)
    (32 B.Adhes user hide)
    (33 F.Adhes user hide)
    (34 B.Paste user hide)
    (35 F.Paste user hide)
    (36 B.SilkS user hide)
    (37 F.SilkS user hide)
    (38 B.Mask user hide)
    (39 F.Mask user hide)
    (40 Dwgs.User user hide)
    (41 Cmts.User user hide)
    (42 Eco1.User user hide)
    (43 Eco2.User user hide)
    (44 Edge.Cuts user)
    (45 Margin user hide)
    (46 B.CrtYd user hide)
    (47 F.CrtYd user hide)
    (48 B.Fab user hide)
    (49 F.Fab user hide)
  )

  (setup
    (last_trace_width 0.25)
    (user_trace_width 0.5)
    (user_trace_width 0.75)
    (user_trace_width 1)
    (user_trace_width 2)
    (trace_clearance 0.2)
    (zone_clearance 1)
    (zone_45_only no)
    (trace_min 0.2)
    (via_size 0.8)
    (via_drill 0.4)
    (via_min_size 0.4)
    (via_min_drill 0.3)
    (uvia_size 0.3)
    (uvia_drill 0.1)
    (uvias_allowed no)
    (uvia_min_size 0.2)
    (uvia_min_drill 0.1)
    (edge_width 0.05)
    (segment_width 0.2)
    (pcb_text_width 0.3)
    (pcb_text_size 1.5 1.5)
    (mod_edge_width 0.12)
    (mod_text_size 1 1)
    (mod_text_width 0.15)
    (pad_size 1.524 1.524)
    (pad_drill 0.762)
    (pad_to_mask_clearance 0)
    (aux_axis_origin 0 0)
    (visible_elements FFFDFF7F)
    (pcbplotparams
      (layerselection 0x010e4_ffffffff)
      (usegerberextensions true)
      (usegerberattributes true)
      (usegerberadvancedattributes true)
      (creategerberjobfile true)
      (excludeedgelayer true)
      (linewidth 0.100000)
      (plotframeref false)
      (viasonmask false)
      (mode 1)
      (useauxorigin false)
      (hpglpennumber 1)
      (hpglpenspeed 20)
      (hpglpendiameter 15.000000)
      (psnegative false)
      (psa4output false)
      (plotreference true)
      (plotvalue true)
      (plotinvisibletext false)
      (padsonsilk false)
      (subtractmaskfromsilk false)
      (outputformat 1)
      (mirror false)
      (drillshape 0)
      (scaleselection 1)
      (outputdirectory "../../Manufacturing/Gerbers (as ordered)/"))
  )

  (net 0 "")
  (net 1 /HVDC_POS)
  (net 2 /HVDC_NEG)
  (net 3 "Net-(R1-Pad2)")
  (net 4 "Net-(R2-Pad2)")
  (net 5 "Net-(R3-Pad2)")
  (net 6 "Net-(R4-Pad2)")
  (net 7 "Net-(R5-Pad2)")
  (net 8 "Net-(R6-Pad2)")
  (net 9 "Net-(R7-Pad2)")
  (net 10 "Net-(R8-Pad2)")
  (net 11 "Net-(R10-Pad2)")
  (net 12 "Net-(R11-Pad2)")
  (net 13 "Net-(R12-Pad2)")
  (net 14 "Net-(R13-Pad2)")
  (net 15 "Net-(R14-Pad2)")
  (net 16 "Net-(R15-Pad2)")
  (net 17 "Net-(R16-Pad2)")
  (net 18 "Net-(R17-Pad2)")
  (net 19 "Net-(R19-Pad2)")
  (net 20 "Net-(R20-Pad2)")
  (net 21 "Net-(R21-Pad2)")
  (net 22 "Net-(R22-Pad2)")
  (net 23 "Net-(R23-Pad2)")
  (net 24 "Net-(R24-Pad2)")
  (net 25 "Net-(R25-Pad2)")
  (net 26 "Net-(R26-Pad2)")
  (net 27 "Net-(R28-Pad2)")
  (net 28 "Net-(R29-Pad2)")
  (net 29 "Net-(R30-Pad2)")
  (net 30 "Net-(R31-Pad2)")
  (net 31 "Net-(R32-Pad2)")
  (net 32 "Net-(R33-Pad2)")
  (net 33 "Net-(R34-Pad2)")
  (net 34 "Net-(R35-Pad2)")
  (net 35 "Net-(R37-Pad2)")
  (net 36 "Net-(R38-Pad2)")
  (net 37 "Net-(R39-Pad2)")
  (net 38 "Net-(R40-Pad2)")
  (net 39 "Net-(R41-Pad2)")
  (net 40 "Net-(R42-Pad2)")
  (net 41 "Net-(R43-Pad2)")
  (net 42 "Net-(R44-Pad2)")
  (net 43 "Net-(R46-Pad2)")
  (net 44 "Net-(R47-Pad2)")
  (net 45 "Net-(R48-Pad2)")
  (net 46 "Net-(R49-Pad2)")
  (net 47 "Net-(R50-Pad2)")
  (net 48 "Net-(R51-Pad2)")
  (net 49 "Net-(R52-Pad2)")
  (net 50 "Net-(R53-Pad2)")
  (net 51 "Net-(R55-Pad2)")
  (net 52 "Net-(R56-Pad2)")
  (net 53 "Net-(R57-Pad2)")
  (net 54 "Net-(R58-Pad2)")
  (net 55 "Net-(R59-Pad2)")
  (net 56 "Net-(R60-Pad2)")
  (net 57 "Net-(R61-Pad2)")
  (net 58 "Net-(R62-Pad2)")
  (net 59 "Net-(R64-Pad2)")
  (net 60 "Net-(R65-Pad2)")
  (net 61 "Net-(R66-Pad2)")
  (net 62 "Net-(R67-Pad2)")
  (net 63 "Net-(R68-Pad2)")
  (net 64 "Net-(R69-Pad2)")
  (net 65 "Net-(R70-Pad2)")
  (net 66 "Net-(R71-Pad2)")
  (net 67 "Net-(R73-Pad2)")
  (net 68 "Net-(R74-Pad2)")
  (net 69 "Net-(R75-Pad2)")
  (net 70 "Net-(R76-Pad2)")
  (net 71 "Net-(R77-Pad2)")
  (net 72 "Net-(R78-Pad2)")
  (net 73 "Net-(R79-Pad2)")
  (net 74 "Net-(R80-Pad2)")
  (net 75 "Net-(R82-Pad2)")
  (net 76 "Net-(R83-Pad2)")
  (net 77 "Net-(R84-Pad2)")
  (net 78 "Net-(R85-Pad2)")
  (net 79 "Net-(R86-Pad2)")
  (net 80 "Net-(R87-Pad2)")
  (net 81 "Net-(R88-Pad2)")
  (net 82 "Net-(R89-Pad2)")
  (net 83 "Net-(R91-Pad2)")
  (net 84 "Net-(R92-Pad2)")
  (net 85 "Net-(R93-Pad2)")
  (net 86 "Net-(R94-Pad2)")
  (net 87 "Net-(R95-Pad2)")
  (net 88 "Net-(R96-Pad2)")
  (net 89 "Net-(R97-Pad2)")
  (net 90 "Net-(R98-Pad2)")
  (net 91 "Net-(R100-Pad2)")
  (net 92 "Net-(R101-Pad2)")
  (net 93 "Net-(R102-Pad2)")
  (net 94 "Net-(R103-Pad2)")
  (net 95 "Net-(R104-Pad2)")
  (net 96 "Net-(R105-Pad2)")
  (net 97 "Net-(R106-Pad2)")
  (net 98 "Net-(R107-Pad2)")
  (net 99 "Net-(R109-Pad2)")
  (net 100 "Net-(R110-Pad2)")
  (net 101 "Net-(R111-Pad2)")
  (net 102 "Net-(R112-Pad2)")
  (net 103 "Net-(R113-Pad2)")
  (net 104 "Net-(R114-Pad2)")
  (net 105 "Net-(R115-Pad2)")
  (net 106 "Net-(R116-Pad2)")
  (net 107 "Net-(R118-Pad2)")
  (net 108 "Net-(R119-Pad2)")
  (net 109 "Net-(R120-Pad2)")
  (net 110 "Net-(R121-Pad2)")
  (net 111 "Net-(R122-Pad2)")
  (net 112 "Net-(R123-Pad2)")
  (net 113 "Net-(R124-Pad2)")
  (net 114 "Net-(R125-Pad2)")
  (net 115 "Net-(R127-Pad2)")
  (net 116 "Net-(R128-Pad2)")
  (net 117 "Net-(R129-Pad2)")
  (net 118 "Net-(R130-Pad2)")
  (net 119 "Net-(R131-Pad2)")
  (net 120 "Net-(R132-Pad2)")
  (net 121 "Net-(R133-Pad2)")
  (net 122 "Net-(R134-Pad2)")
  (net 123 "Net-(R136-Pad2)")
  (net 124 "Net-(R137-Pad2)")
  (net 125 "Net-(R138-Pad2)")
  (net 126 "Net-(R139-Pad2)")
  (net 127 "Net-(R140-Pad2)")
  (net 128 "Net-(R141-Pad2)")
  (net 129 "Net-(R142-Pad2)")
  (net 130 "Net-(R143-Pad2)")
  (net 131 "Net-(R145-Pad2)")
  (net 132 "Net-(R146-Pad2)")
  (net 133 "Net-(R147-Pad2)")
  (net 134 "Net-(R148-Pad2)")
  (net 135 "Net-(R149-Pad2)")
  (net 136 "Net-(R150-Pad2)")
  (net 137 "Net-(R151-Pad2)")
  (net 138 "Net-(R152-Pad2)")
  (net 139 "Net-(R154-Pad2)")
  (net 140 "Net-(R155-Pad2)")
  (net 141 "Net-(R156-Pad2)")
  (net 142 "Net-(R157-Pad2)")
  (net 143 "Net-(R158-Pad2)")
  (net 144 "Net-(R159-Pad2)")
  (net 145 "Net-(R160-Pad2)")
  (net 146 "Net-(R161-Pad2)")

  (net_class Default "This is the default net class."
    (clearance 0.2)
    (trace_width 0.25)
    (via_dia 0.8)
    (via_drill 0.4)
    (uvia_dia 0.3)
    (uvia_drill 0.1)
    (add_net /HVDC_NEG)
    (add_net /HVDC_POS)
    (add_net "Net-(R1-Pad2)")
    (add_net "Net-(R10-Pad2)")
    (add_net "Net-(R100-Pad2)")
    (add_net "Net-(R101-Pad2)")
    (add_net "Net-(R102-Pad2)")
    (add_net "Net-(R103-Pad2)")
    (add_net "Net-(R104-Pad2)")
    (add_net "Net-(R105-Pad2)")
    (add_net "Net-(R106-Pad2)")
    (add_net "Net-(R107-Pad2)")
    (add_net "Net-(R109-Pad2)")
    (add_net "Net-(R11-Pad2)")
    (add_net "Net-(R110-Pad2)")
    (add_net "Net-(R111-Pad2)")
    (add_net "Net-(R112-Pad2)")
    (add_net "Net-(R113-Pad2)")
    (add_net "Net-(R114-Pad2)")
    (add_net "Net-(R115-Pad2)")
    (add_net "Net-(R116-Pad2)")
    (add_net "Net-(R118-Pad2)")
    (add_net "Net-(R119-Pad2)")
    (add_net "Net-(R12-Pad2)")
    (add_net "Net-(R120-Pad2)")
    (add_net "Net-(R121-Pad2)")
    (add_net "Net-(R122-Pad2)")
    (add_net "Net-(R123-Pad2)")
    (add_net "Net-(R124-Pad2)")
    (add_net "Net-(R125-Pad2)")
    (add_net "Net-(R127-Pad2)")
    (add_net "Net-(R128-Pad2)")
    (add_net "Net-(R129-Pad2)")
    (add_net "Net-(R13-Pad2)")
    (add_net "Net-(R130-Pad2)")
    (add_net "Net-(R131-Pad2)")
    (add_net "Net-(R132-Pad2)")
    (add_net "Net-(R133-Pad2)")
    (add_net "Net-(R134-Pad2)")
    (add_net "Net-(R136-Pad2)")
    (add_net "Net-(R137-Pad2)")
    (add_net "Net-(R138-Pad2)")
    (add_net "Net-(R139-Pad2)")
    (add_net "Net-(R14-Pad2)")
    (add_net "Net-(R140-Pad2)")
    (add_net "Net-(R141-Pad2)")
    (add_net "Net-(R142-Pad2)")
    (add_net "Net-(R143-Pad2)")
    (add_net "Net-(R145-Pad2)")
    (add_net "Net-(R146-Pad2)")
    (add_net "Net-(R147-Pad2)")
    (add_net "Net-(R148-Pad2)")
    (add_net "Net-(R149-Pad2)")
    (add_net "Net-(R15-Pad2)")
    (add_net "Net-(R150-Pad2)")
    (add_net "Net-(R151-Pad2)")
    (add_net "Net-(R152-Pad2)")
    (add_net "Net-(R154-Pad2)")
    (add_net "Net-(R155-Pad2)")
    (add_net "Net-(R156-Pad2)")
    (add_net "Net-(R157-Pad2)")
    (add_net "Net-(R158-Pad2)")
    (add_net "Net-(R159-Pad2)")
    (add_net "Net-(R16-Pad2)")
    (add_net "Net-(R160-Pad2)")
    (add_net "Net-(R161-Pad2)")
    (add_net "Net-(R17-Pad2)")
    (add_net "Net-(R19-Pad2)")
    (add_net "Net-(R2-Pad2)")
    (add_net "Net-(R20-Pad2)")
    (add_net "Net-(R21-Pad2)")
    (add_net "Net-(R22-Pad2)")
    (add_net "Net-(R23-Pad2)")
    (add_net "Net-(R24-Pad2)")
    (add_net "Net-(R25-Pad2)")
    (add_net "Net-(R26-Pad2)")
    (add_net "Net-(R28-Pad2)")
    (add_net "Net-(R29-Pad2)")
    (add_net "Net-(R3-Pad2)")
    (add_net "Net-(R30-Pad2)")
    (add_net "Net-(R31-Pad2)")
    (add_net "Net-(R32-Pad2)")
    (add_net "Net-(R33-Pad2)")
    (add_net "Net-(R34-Pad2)")
    (add_net "Net-(R35-Pad2)")
    (add_net "Net-(R37-Pad2)")
    (add_net "Net-(R38-Pad2)")
    (add_net "Net-(R39-Pad2)")
    (add_net "Net-(R4-Pad2)")
    (add_net "Net-(R40-Pad2)")
    (add_net "Net-(R41-Pad2)")
    (add_net "Net-(R42-Pad2)")
    (add_net "Net-(R43-Pad2)")
    (add_net "Net-(R44-Pad2)")
    (add_net "Net-(R46-Pad2)")
    (add_net "Net-(R47-Pad2)")
    (add_net "Net-(R48-Pad2)")
    (add_net "Net-(R49-Pad2)")
    (add_net "Net-(R5-Pad2)")
    (add_net "Net-(R50-Pad2)")
    (add_net "Net-(R51-Pad2)")
    (add_net "Net-(R52-Pad2)")
    (add_net "Net-(R53-Pad2)")
    (add_net "Net-(R55-Pad2)")
    (add_net "Net-(R56-Pad2)")
    (add_net "Net-(R57-Pad2)")
    (add_net "Net-(R58-Pad2)")
    (add_net "Net-(R59-Pad2)")
    (add_net "Net-(R6-Pad2)")
    (add_net "Net-(R60-Pad2)")
    (add_net "Net-(R61-Pad2)")
    (add_net "Net-(R62-Pad2)")
    (add_net "Net-(R64-Pad2)")
    (add_net "Net-(R65-Pad2)")
    (add_net "Net-(R66-Pad2)")
    (add_net "Net-(R67-Pad2)")
    (add_net "Net-(R68-Pad2)")
    (add_net "Net-(R69-Pad2)")
    (add_net "Net-(R7-Pad2)")
    (add_net "Net-(R70-Pad2)")
    (add_net "Net-(R71-Pad2)")
    (add_net "Net-(R73-Pad2)")
    (add_net "Net-(R74-Pad2)")
    (add_net "Net-(R75-Pad2)")
    (add_net "Net-(R76-Pad2)")
    (add_net "Net-(R77-Pad2)")
    (add_net "Net-(R78-Pad2)")
    (add_net "Net-(R79-Pad2)")
    (add_net "Net-(R8-Pad2)")
    (add_net "Net-(R80-Pad2)")
    (add_net "Net-(R82-Pad2)")
    (add_net "Net-(R83-Pad2)")
    (add_net "Net-(R84-Pad2)")
    (add_net "Net-(R85-Pad2)")
    (add_net "Net-(R86-Pad2)")
    (add_net "Net-(R87-Pad2)")
    (add_net "Net-(R88-Pad2)")
    (add_net "Net-(R89-Pad2)")
    (add_net "Net-(R91-Pad2)")
    (add_net "Net-(R92-Pad2)")
    (add_net "Net-(R93-Pad2)")
    (add_net "Net-(R94-Pad2)")
    (add_net "Net-(R95-Pad2)")
    (add_net "Net-(R96-Pad2)")
    (add_net "Net-(R97-Pad2)")
    (add_net "Net-(R98-Pad2)")
  )

  (module Resistor_SMD:R_2010_5025Metric (layer B.Cu) (tedit 5F68FEEE) (tstamp 63772E36)
    (at 92.5 117 180)
    (descr "Resistor SMD 2010 (5025 Metric), square (rectangular) end terminal, IPC_7351 nominal, (Body size source: IPC-SM-782 page 72, https://www.pcb-3d.com/wordpress/wp-content/uploads/ipc-sm-782a_amendment_1_and_2.pdf), generated with kicad-footprint-generator")
    (tags resistor)
    (path /63773E05)
    (attr smd)
    (fp_text reference R2 (at 0 2.28) (layer B.SilkS)
      (effects (font (size 1 1) (thickness 0.15)) (justify mirror))
    )
    (fp_text value 2k2 (at 0 -2.28) (layer B.Fab)
      (effects (font (size 1 1) (thickness 0.15)) (justify mirror))
    )
    (fp_line (start -2.5 -1.25) (end -2.5 1.25) (layer B.Fab) (width 0.1))
    (fp_line (start -2.5 1.25) (end 2.5 1.25) (layer B.Fab) (width 0.1))
    (fp_line (start 2.5 1.25) (end 2.5 -1.25) (layer B.Fab) (width 0.1))
    (fp_line (start 2.5 -1.25) (end -2.5 -1.25) (layer B.Fab) (width 0.1))
    (fp_line (start -1.527064 1.36) (end 1.527064 1.36) (layer B.SilkS) (width 0.12))
    (fp_line (start -1.527064 -1.36) (end 1.527064 -1.36) (layer B.SilkS) (width 0.12))
    (fp_line (start -3.18 -1.58) (end -3.18 1.58) (layer B.CrtYd) (width 0.05))
    (fp_line (start -3.18 1.58) (end 3.18 1.58) (layer B.CrtYd) (width 0.05))
    (fp_line (start 3.18 1.58) (end 3.18 -1.58) (layer B.CrtYd) (width 0.05))
    (fp_line (start 3.18 -1.58) (end -3.18 -1.58) (layer B.CrtYd) (width 0.05))
    (fp_text user %R (at 0 0) (layer B.Fab)
      (effects (font (size 1 1) (thickness 0.15)) (justify mirror))
    )
    (pad 2 smd roundrect (at 2.3125 0 180) (size 1.225 2.65) (layers B.Cu B.Paste B.Mask) (roundrect_rratio 0.2040816326530612)
      (net 4 "Net-(R2-Pad2)"))
    (pad 1 smd roundrect (at -2.3125 0 180) (size 1.225 2.65) (layers B.Cu B.Paste B.Mask) (roundrect_rratio 0.2040816326530612)
      (net 3 "Net-(R1-Pad2)"))
    (model ${KISYS3DMOD}/Resistor_SMD.3dshapes/R_2010_5025Metric.wrl
      (at (xyz 0 0 0))
      (scale (xyz 1 1 1))
      (rotate (xyz 0 0 0))
    )
  )

  (module Resistor_SMD:R_2010_5025Metric (layer B.Cu) (tedit 5F68FEEE) (tstamp 63772E7A)
    (at 94.5 144 270)
    (descr "Resistor SMD 2010 (5025 Metric), square (rectangular) end terminal, IPC_7351 nominal, (Body size source: IPC-SM-782 page 72, https://www.pcb-3d.com/wordpress/wp-content/uploads/ipc-sm-782a_amendment_1_and_2.pdf), generated with kicad-footprint-generator")
    (tags resistor)
    (path /63774CA2)
    (attr smd)
    (fp_text reference R6 (at 0 2.28 270) (layer B.SilkS)
      (effects (font (size 1 1) (thickness 0.15)) (justify mirror))
    )
    (fp_text value 2k2 (at 0 -2.28 270) (layer B.Fab)
      (effects (font (size 1 1) (thickness 0.15)) (justify mirror))
    )
    (fp_line (start -2.5 -1.25) (end -2.5 1.25) (layer B.Fab) (width 0.1))
    (fp_line (start -2.5 1.25) (end 2.5 1.25) (layer B.Fab) (width 0.1))
    (fp_line (start 2.5 1.25) (end 2.5 -1.25) (layer B.Fab) (width 0.1))
    (fp_line (start 2.5 -1.25) (end -2.5 -1.25) (layer B.Fab) (width 0.1))
    (fp_line (start -1.527064 1.36) (end 1.527064 1.36) (layer B.SilkS) (width 0.12))
    (fp_line (start -1.527064 -1.36) (end 1.527064 -1.36) (layer B.SilkS) (width 0.12))
    (fp_line (start -3.18 -1.58) (end -3.18 1.58) (layer B.CrtYd) (width 0.05))
    (fp_line (start -3.18 1.58) (end 3.18 1.58) (layer B.CrtYd) (width 0.05))
    (fp_line (start 3.18 1.58) (end 3.18 -1.58) (layer B.CrtYd) (width 0.05))
    (fp_line (start 3.18 -1.58) (end -3.18 -1.58) (layer B.CrtYd) (width 0.05))
    (fp_text user %R (at 0 0 270) (layer B.Fab)
      (effects (font (size 1 1) (thickness 0.15)) (justify mirror))
    )
    (pad 2 smd roundrect (at 2.3125 0 270) (size 1.225 2.65) (layers B.Cu B.Paste B.Mask) (roundrect_rratio 0.2040816326530612)
      (net 8 "Net-(R6-Pad2)"))
    (pad 1 smd roundrect (at -2.3125 0 270) (size 1.225 2.65) (layers B.Cu B.Paste B.Mask) (roundrect_rratio 0.2040816326530612)
      (net 7 "Net-(R5-Pad2)"))
    (model ${KISYS3DMOD}/Resistor_SMD.3dshapes/R_2010_5025Metric.wrl
      (at (xyz 0 0 0))
      (scale (xyz 1 1 1))
      (rotate (xyz 0 0 0))
    )
  )

  (module Resistor_SMD:R_2010_5025Metric (layer B.Cu) (tedit 5F68FEEE) (tstamp 63772EE0)
    (at 107 124)
    (descr "Resistor SMD 2010 (5025 Metric), square (rectangular) end terminal, IPC_7351 nominal, (Body size source: IPC-SM-782 page 72, https://www.pcb-3d.com/wordpress/wp-content/uploads/ipc-sm-782a_amendment_1_and_2.pdf), generated with kicad-footprint-generator")
    (tags resistor)
    (path /6377B958)
    (attr smd)
    (fp_text reference R12 (at 0 2.28) (layer B.SilkS)
      (effects (font (size 1 1) (thickness 0.15)) (justify mirror))
    )
    (fp_text value 2k2 (at 0 -2.28) (layer B.Fab)
      (effects (font (size 1 1) (thickness 0.15)) (justify mirror))
    )
    (fp_line (start -2.5 -1.25) (end -2.5 1.25) (layer B.Fab) (width 0.1))
    (fp_line (start -2.5 1.25) (end 2.5 1.25) (layer B.Fab) (width 0.1))
    (fp_line (start 2.5 1.25) (end 2.5 -1.25) (layer B.Fab) (width 0.1))
    (fp_line (start 2.5 -1.25) (end -2.5 -1.25) (layer B.Fab) (width 0.1))
    (fp_line (start -1.527064 1.36) (end 1.527064 1.36) (layer B.SilkS) (width 0.12))
    (fp_line (start -1.527064 -1.36) (end 1.527064 -1.36) (layer B.SilkS) (width 0.12))
    (fp_line (start -3.18 -1.58) (end -3.18 1.58) (layer B.CrtYd) (width 0.05))
    (fp_line (start -3.18 1.58) (end 3.18 1.58) (layer B.CrtYd) (width 0.05))
    (fp_line (start 3.18 1.58) (end 3.18 -1.58) (layer B.CrtYd) (width 0.05))
    (fp_line (start 3.18 -1.58) (end -3.18 -1.58) (layer B.CrtYd) (width 0.05))
    (fp_text user %R (at 0 0) (layer B.Fab)
      (effects (font (size 1 1) (thickness 0.15)) (justify mirror))
    )
    (pad 2 smd roundrect (at 2.3125 0) (size 1.225 2.65) (layers B.Cu B.Paste B.Mask) (roundrect_rratio 0.2040816326530612)
      (net 13 "Net-(R12-Pad2)"))
    (pad 1 smd roundrect (at -2.3125 0) (size 1.225 2.65) (layers B.Cu B.Paste B.Mask) (roundrect_rratio 0.2040816326530612)
      (net 12 "Net-(R11-Pad2)"))
    (model ${KISYS3DMOD}/Resistor_SMD.3dshapes/R_2010_5025Metric.wrl
      (at (xyz 0 0 0))
      (scale (xyz 1 1 1))
      (rotate (xyz 0 0 0))
    )
  )

  (module Resistor_SMD:R_2010_5025Metric (layer B.Cu) (tedit 5F68FEEE) (tstamp 63772F68)
    (at 122 118 180)
    (descr "Resistor SMD 2010 (5025 Metric), square (rectangular) end terminal, IPC_7351 nominal, (Body size source: IPC-SM-782 page 72, https://www.pcb-3d.com/wordpress/wp-content/uploads/ipc-sm-782a_amendment_1_and_2.pdf), generated with kicad-footprint-generator")
    (tags resistor)
    (path /63783960)
    (attr smd)
    (fp_text reference R20 (at 0 2.28) (layer B.SilkS)
      (effects (font (size 1 1) (thickness 0.15)) (justify mirror))
    )
    (fp_text value 2k2 (at 0 -2.28) (layer B.Fab)
      (effects (font (size 1 1) (thickness 0.15)) (justify mirror))
    )
    (fp_line (start -2.5 -1.25) (end -2.5 1.25) (layer B.Fab) (width 0.1))
    (fp_line (start -2.5 1.25) (end 2.5 1.25) (layer B.Fab) (width 0.1))
    (fp_line (start 2.5 1.25) (end 2.5 -1.25) (layer B.Fab) (width 0.1))
    (fp_line (start 2.5 -1.25) (end -2.5 -1.25) (layer B.Fab) (width 0.1))
    (fp_line (start -1.527064 1.36) (end 1.527064 1.36) (layer B.SilkS) (width 0.12))
    (fp_line (start -1.527064 -1.36) (end 1.527064 -1.36) (layer B.SilkS) (width 0.12))
    (fp_line (start -3.18 -1.58) (end -3.18 1.58) (layer B.CrtYd) (width 0.05))
    (fp_line (start -3.18 1.58) (end 3.18 1.58) (layer B.CrtYd) (width 0.05))
    (fp_line (start 3.18 1.58) (end 3.18 -1.58) (layer B.CrtYd) (width 0.05))
    (fp_line (start 3.18 -1.58) (end -3.18 -1.58) (layer B.CrtYd) (width 0.05))
    (fp_text user %R (at 0 0) (layer B.Fab)
      (effects (font (size 1 1) (thickness 0.15)) (justify mirror))
    )
    (pad 2 smd roundrect (at 2.3125 0 180) (size 1.225 2.65) (layers B.Cu B.Paste B.Mask) (roundrect_rratio 0.2040816326530612)
      (net 20 "Net-(R20-Pad2)"))
    (pad 1 smd roundrect (at -2.3125 0 180) (size 1.225 2.65) (layers B.Cu B.Paste B.Mask) (roundrect_rratio 0.2040816326530612)
      (net 19 "Net-(R19-Pad2)"))
    (model ${KISYS3DMOD}/Resistor_SMD.3dshapes/R_2010_5025Metric.wrl
      (at (xyz 0 0 0))
      (scale (xyz 1 1 1))
      (rotate (xyz 0 0 0))
    )
  )

  (module Resistor_SMD:R_2010_5025Metric (layer B.Cu) (tedit 5F68FEEE) (tstamp 63773001)
    (at 137 118 180)
    (descr "Resistor SMD 2010 (5025 Metric), square (rectangular) end terminal, IPC_7351 nominal, (Body size source: IPC-SM-782 page 72, https://www.pcb-3d.com/wordpress/wp-content/uploads/ipc-sm-782a_amendment_1_and_2.pdf), generated with kicad-footprint-generator")
    (tags resistor)
    (path /637839A0)
    (attr smd)
    (fp_text reference R29 (at 0 2.28) (layer B.SilkS)
      (effects (font (size 1 1) (thickness 0.15)) (justify mirror))
    )
    (fp_text value 2k2 (at 0 -2.28) (layer B.Fab)
      (effects (font (size 1 1) (thickness 0.15)) (justify mirror))
    )
    (fp_line (start 3.18 -1.58) (end -3.18 -1.58) (layer B.CrtYd) (width 0.05))
    (fp_line (start 3.18 1.58) (end 3.18 -1.58) (layer B.CrtYd) (width 0.05))
    (fp_line (start -3.18 1.58) (end 3.18 1.58) (layer B.CrtYd) (width 0.05))
    (fp_line (start -3.18 -1.58) (end -3.18 1.58) (layer B.CrtYd) (width 0.05))
    (fp_line (start -1.527064 -1.36) (end 1.527064 -1.36) (layer B.SilkS) (width 0.12))
    (fp_line (start -1.527064 1.36) (end 1.527064 1.36) (layer B.SilkS) (width 0.12))
    (fp_line (start 2.5 -1.25) (end -2.5 -1.25) (layer B.Fab) (width 0.1))
    (fp_line (start 2.5 1.25) (end 2.5 -1.25) (layer B.Fab) (width 0.1))
    (fp_line (start -2.5 1.25) (end 2.5 1.25) (layer B.Fab) (width 0.1))
    (fp_line (start -2.5 -1.25) (end -2.5 1.25) (layer B.Fab) (width 0.1))
    (fp_text user %R (at 0 0) (layer B.Fab)
      (effects (font (size 1 1) (thickness 0.15)) (justify mirror))
    )
    (pad 1 smd roundrect (at -2.3125 0 180) (size 1.225 2.65) (layers B.Cu B.Paste B.Mask) (roundrect_rratio 0.2040816326530612)
      (net 27 "Net-(R28-Pad2)"))
    (pad 2 smd roundrect (at 2.3125 0 180) (size 1.225 2.65) (layers B.Cu B.Paste B.Mask) (roundrect_rratio 0.2040816326530612)
      (net 28 "Net-(R29-Pad2)"))
    (model ${KISYS3DMOD}/Resistor_SMD.3dshapes/R_2010_5025Metric.wrl
      (at (xyz 0 0 0))
      (scale (xyz 1 1 1))
      (rotate (xyz 0 0 0))
    )
  )

  (module Resistor_SMD:R_2010_5025Metric (layer B.Cu) (tedit 5F68FEEE) (tstamp 637730BC)
    (at 152 130 180)
    (descr "Resistor SMD 2010 (5025 Metric), square (rectangular) end terminal, IPC_7351 nominal, (Body size source: IPC-SM-782 page 72, https://www.pcb-3d.com/wordpress/wp-content/uploads/ipc-sm-782a_amendment_1_and_2.pdf), generated with kicad-footprint-generator")
    (tags resistor)
    (path /6378AD38)
    (attr smd)
    (fp_text reference R40 (at 0 2.28) (layer B.SilkS)
      (effects (font (size 1 1) (thickness 0.15)) (justify mirror))
    )
    (fp_text value 2k2 (at 0 -2.28) (layer B.Fab)
      (effects (font (size 1 1) (thickness 0.15)) (justify mirror))
    )
    (fp_line (start -2.5 -1.25) (end -2.5 1.25) (layer B.Fab) (width 0.1))
    (fp_line (start -2.5 1.25) (end 2.5 1.25) (layer B.Fab) (width 0.1))
    (fp_line (start 2.5 1.25) (end 2.5 -1.25) (layer B.Fab) (width 0.1))
    (fp_line (start 2.5 -1.25) (end -2.5 -1.25) (layer B.Fab) (width 0.1))
    (fp_line (start -1.527064 1.36) (end 1.527064 1.36) (layer B.SilkS) (width 0.12))
    (fp_line (start -1.527064 -1.36) (end 1.527064 -1.36) (layer B.SilkS) (width 0.12))
    (fp_line (start -3.18 -1.58) (end -3.18 1.58) (layer B.CrtYd) (width 0.05))
    (fp_line (start -3.18 1.58) (end 3.18 1.58) (layer B.CrtYd) (width 0.05))
    (fp_line (start 3.18 1.58) (end 3.18 -1.58) (layer B.CrtYd) (width 0.05))
    (fp_line (start 3.18 -1.58) (end -3.18 -1.58) (layer B.CrtYd) (width 0.05))
    (fp_text user %R (at 0 0) (layer B.Fab)
      (effects (font (size 1 1) (thickness 0.15)) (justify mirror))
    )
    (pad 2 smd roundrect (at 2.3125 0 180) (size 1.225 2.65) (layers B.Cu B.Paste B.Mask) (roundrect_rratio 0.2040816326530612)
      (net 38 "Net-(R40-Pad2)"))
    (pad 1 smd roundrect (at -2.3125 0 180) (size 1.225 2.65) (layers B.Cu B.Paste B.Mask) (roundrect_rratio 0.2040816326530612)
      (net 37 "Net-(R39-Pad2)"))
    (model ${KISYS3DMOD}/Resistor_SMD.3dshapes/R_2010_5025Metric.wrl
      (at (xyz 0 0 0))
      (scale (xyz 1 1 1))
      (rotate (xyz 0 0 0))
    )
  )

  (module Resistor_SMD:R_2010_5025Metric (layer B.Cu) (tedit 5F68FEEE) (tstamp 63773199)
    (at 167 154 180)
    (descr "Resistor SMD 2010 (5025 Metric), square (rectangular) end terminal, IPC_7351 nominal, (Body size source: IPC-SM-782 page 72, https://www.pcb-3d.com/wordpress/wp-content/uploads/ipc-sm-782a_amendment_1_and_2.pdf), generated with kicad-footprint-generator")
    (tags resistor)
    (path /6378AD90)
    (attr smd)
    (fp_text reference R53 (at 0 2.28) (layer B.SilkS)
      (effects (font (size 1 1) (thickness 0.15)) (justify mirror))
    )
    (fp_text value 2k2 (at 0 -2.28) (layer B.Fab)
      (effects (font (size 1 1) (thickness 0.15)) (justify mirror))
    )
    (fp_line (start 3.18 -1.58) (end -3.18 -1.58) (layer B.CrtYd) (width 0.05))
    (fp_line (start 3.18 1.58) (end 3.18 -1.58) (layer B.CrtYd) (width 0.05))
    (fp_line (start -3.18 1.58) (end 3.18 1.58) (layer B.CrtYd) (width 0.05))
    (fp_line (start -3.18 -1.58) (end -3.18 1.58) (layer B.CrtYd) (width 0.05))
    (fp_line (start -1.527064 -1.36) (end 1.527064 -1.36) (layer B.SilkS) (width 0.12))
    (fp_line (start -1.527064 1.36) (end 1.527064 1.36) (layer B.SilkS) (width 0.12))
    (fp_line (start 2.5 -1.25) (end -2.5 -1.25) (layer B.Fab) (width 0.1))
    (fp_line (start 2.5 1.25) (end 2.5 -1.25) (layer B.Fab) (width 0.1))
    (fp_line (start -2.5 1.25) (end 2.5 1.25) (layer B.Fab) (width 0.1))
    (fp_line (start -2.5 -1.25) (end -2.5 1.25) (layer B.Fab) (width 0.1))
    (fp_text user %R (at 0 0) (layer B.Fab)
      (effects (font (size 1 1) (thickness 0.15)) (justify mirror))
    )
    (pad 1 smd roundrect (at -2.3125 0 180) (size 1.225 2.65) (layers B.Cu B.Paste B.Mask) (roundrect_rratio 0.2040816326530612)
      (net 49 "Net-(R52-Pad2)"))
    (pad 2 smd roundrect (at 2.3125 0 180) (size 1.225 2.65) (layers B.Cu B.Paste B.Mask) (roundrect_rratio 0.2040816326530612)
      (net 50 "Net-(R53-Pad2)"))
    (model ${KISYS3DMOD}/Resistor_SMD.3dshapes/R_2010_5025Metric.wrl
      (at (xyz 0 0 0))
      (scale (xyz 1 1 1))
      (rotate (xyz 0 0 0))
    )
  )

  (module Resistor_SMD:R_2010_5025Metric (layer B.Cu) (tedit 5F68FEEE) (tstamp 63773287)
    (at 197 130 180)
    (descr "Resistor SMD 2010 (5025 Metric), square (rectangular) end terminal, IPC_7351 nominal, (Body size source: IPC-SM-782 page 72, https://www.pcb-3d.com/wordpress/wp-content/uploads/ipc-sm-782a_amendment_1_and_2.pdf), generated with kicad-footprint-generator")
    (tags resistor)
    (path /637A50CA)
    (attr smd)
    (fp_text reference R67 (at 0 2.28) (layer B.SilkS)
      (effects (font (size 1 1) (thickness 0.15)) (justify mirror))
    )
    (fp_text value 2k2 (at 0 -2.28) (layer B.Fab)
      (effects (font (size 1 1) (thickness 0.15)) (justify mirror))
    )
    (fp_line (start 3.18 -1.58) (end -3.18 -1.58) (layer B.CrtYd) (width 0.05))
    (fp_line (start 3.18 1.58) (end 3.18 -1.58) (layer B.CrtYd) (width 0.05))
    (fp_line (start -3.18 1.58) (end 3.18 1.58) (layer B.CrtYd) (width 0.05))
    (fp_line (start -3.18 -1.58) (end -3.18 1.58) (layer B.CrtYd) (width 0.05))
    (fp_line (start -1.527064 -1.36) (end 1.527064 -1.36) (layer B.SilkS) (width 0.12))
    (fp_line (start -1.527064 1.36) (end 1.527064 1.36) (layer B.SilkS) (width 0.12))
    (fp_line (start 2.5 -1.25) (end -2.5 -1.25) (layer B.Fab) (width 0.1))
    (fp_line (start 2.5 1.25) (end 2.5 -1.25) (layer B.Fab) (width 0.1))
    (fp_line (start -2.5 1.25) (end 2.5 1.25) (layer B.Fab) (width 0.1))
    (fp_line (start -2.5 -1.25) (end -2.5 1.25) (layer B.Fab) (width 0.1))
    (fp_text user %R (at 0 0) (layer B.Fab)
      (effects (font (size 1 1) (thickness 0.15)) (justify mirror))
    )
    (pad 1 smd roundrect (at -2.3125 0 180) (size 1.225 2.65) (layers B.Cu B.Paste B.Mask) (roundrect_rratio 0.2040816326530612)
      (net 61 "Net-(R66-Pad2)"))
    (pad 2 smd roundrect (at 2.3125 0 180) (size 1.225 2.65) (layers B.Cu B.Paste B.Mask) (roundrect_rratio 0.2040816326530612)
      (net 62 "Net-(R67-Pad2)"))
    (model ${KISYS3DMOD}/Resistor_SMD.3dshapes/R_2010_5025Metric.wrl
      (at (xyz 0 0 0))
      (scale (xyz 1 1 1))
      (rotate (xyz 0 0 0))
    )
  )

  (module Resistor_SMD:R_2010_5025Metric (layer B.Cu) (tedit 5F68FEEE) (tstamp 63773463)
    (at 242 136)
    (descr "Resistor SMD 2010 (5025 Metric), square (rectangular) end terminal, IPC_7351 nominal, (Body size source: IPC-SM-782 page 72, https://www.pcb-3d.com/wordpress/wp-content/uploads/ipc-sm-782a_amendment_1_and_2.pdf), generated with kicad-footprint-generator")
    (tags resistor)
    (path /637A5190)
    (attr smd)
    (fp_text reference R95 (at 0 2.28) (layer B.SilkS)
      (effects (font (size 1 1) (thickness 0.15)) (justify mirror))
    )
    (fp_text value 2k2 (at 0 -2.28) (layer B.Fab)
      (effects (font (size 1 1) (thickness 0.15)) (justify mirror))
    )
    (fp_line (start 3.18 -1.58) (end -3.18 -1.58) (layer B.CrtYd) (width 0.05))
    (fp_line (start 3.18 1.58) (end 3.18 -1.58) (layer B.CrtYd) (width 0.05))
    (fp_line (start -3.18 1.58) (end 3.18 1.58) (layer B.CrtYd) (width 0.05))
    (fp_line (start -3.18 -1.58) (end -3.18 1.58) (layer B.CrtYd) (width 0.05))
    (fp_line (start -1.527064 -1.36) (end 1.527064 -1.36) (layer B.SilkS) (width 0.12))
    (fp_line (start -1.527064 1.36) (end 1.527064 1.36) (layer B.SilkS) (width 0.12))
    (fp_line (start 2.5 -1.25) (end -2.5 -1.25) (layer B.Fab) (width 0.1))
    (fp_line (start 2.5 1.25) (end 2.5 -1.25) (layer B.Fab) (width 0.1))
    (fp_line (start -2.5 1.25) (end 2.5 1.25) (layer B.Fab) (width 0.1))
    (fp_line (start -2.5 -1.25) (end -2.5 1.25) (layer B.Fab) (width 0.1))
    (fp_text user %R (at 0 0) (layer B.Fab)
      (effects (font (size 1 1) (thickness 0.15)) (justify mirror))
    )
    (pad 1 smd roundrect (at -2.3125 0) (size 1.225 2.65) (layers B.Cu B.Paste B.Mask) (roundrect_rratio 0.2040816326530612)
      (net 86 "Net-(R94-Pad2)"))
    (pad 2 smd roundrect (at 2.3125 0) (size 1.225 2.65) (layers B.Cu B.Paste B.Mask) (roundrect_rratio 0.2040816326530612)
      (net 87 "Net-(R95-Pad2)"))
    (model ${KISYS3DMOD}/Resistor_SMD.3dshapes/R_2010_5025Metric.wrl
      (at (xyz 0 0 0))
      (scale (xyz 1 1 1))
      (rotate (xyz 0 0 0))
    )
  )

  (module Resistor_SMD:R_2010_5025Metric (layer B.Cu) (tedit 5F68FEEE) (tstamp 63773551)
    (at 272 112)
    (descr "Resistor SMD 2010 (5025 Metric), square (rectangular) end terminal, IPC_7351 nominal, (Body size source: IPC-SM-782 page 72, https://www.pcb-3d.com/wordpress/wp-content/uploads/ipc-sm-782a_amendment_1_and_2.pdf), generated with kicad-footprint-generator")
    (tags resistor)
    (path /637C8BEE)
    (attr smd)
    (fp_text reference R109 (at 0 2.28) (layer B.SilkS)
      (effects (font (size 1 1) (thickness 0.15)) (justify mirror))
    )
    (fp_text value 2k2 (at 0 -2.28) (layer B.Fab)
      (effects (font (size 1 1) (thickness 0.15)) (justify mirror))
    )
    (fp_line (start 3.18 -1.58) (end -3.18 -1.58) (layer B.CrtYd) (width 0.05))
    (fp_line (start 3.18 1.58) (end 3.18 -1.58) (layer B.CrtYd) (width 0.05))
    (fp_line (start -3.18 1.58) (end 3.18 1.58) (layer B.CrtYd) (width 0.05))
    (fp_line (start -3.18 -1.58) (end -3.18 1.58) (layer B.CrtYd) (width 0.05))
    (fp_line (start -1.527064 -1.36) (end 1.527064 -1.36) (layer B.SilkS) (width 0.12))
    (fp_line (start -1.527064 1.36) (end 1.527064 1.36) (layer B.SilkS) (width 0.12))
    (fp_line (start 2.5 -1.25) (end -2.5 -1.25) (layer B.Fab) (width 0.1))
    (fp_line (start 2.5 1.25) (end 2.5 -1.25) (layer B.Fab) (width 0.1))
    (fp_line (start -2.5 1.25) (end 2.5 1.25) (layer B.Fab) (width 0.1))
    (fp_line (start -2.5 -1.25) (end -2.5 1.25) (layer B.Fab) (width 0.1))
    (fp_text user %R (at 0 0) (layer B.Fab)
      (effects (font (size 1 1) (thickness 0.15)) (justify mirror))
    )
    (pad 1 smd roundrect (at -2.3125 0) (size 1.225 2.65) (layers B.Cu B.Paste B.Mask) (roundrect_rratio 0.2040816326530612)
      (net 1 /HVDC_POS))
    (pad 2 smd roundrect (at 2.3125 0) (size 1.225 2.65) (layers B.Cu B.Paste B.Mask) (roundrect_rratio 0.2040816326530612)
      (net 99 "Net-(R109-Pad2)"))
    (model ${KISYS3DMOD}/Resistor_SMD.3dshapes/R_2010_5025Metric.wrl
      (at (xyz 0 0 0))
      (scale (xyz 1 1 1))
      (rotate (xyz 0 0 0))
    )
  )

  (module Resistor_SMD:R_2010_5025Metric (layer B.Cu) (tedit 5F68FEEE) (tstamp 6377363F)
    (at 287 142 180)
    (descr "Resistor SMD 2010 (5025 Metric), square (rectangular) end terminal, IPC_7351 nominal, (Body size source: IPC-SM-782 page 72, https://www.pcb-3d.com/wordpress/wp-content/uploads/ipc-sm-782a_amendment_1_and_2.pdf), generated with kicad-footprint-generator")
    (tags resistor)
    (path /637C8C4C)
    (attr smd)
    (fp_text reference R123 (at 0 2.28) (layer B.SilkS)
      (effects (font (size 1 1) (thickness 0.15)) (justify mirror))
    )
    (fp_text value 2k2 (at 0 -2.28) (layer B.Fab)
      (effects (font (size 1 1) (thickness 0.15)) (justify mirror))
    )
    (fp_line (start 3.18 -1.58) (end -3.18 -1.58) (layer B.CrtYd) (width 0.05))
    (fp_line (start 3.18 1.58) (end 3.18 -1.58) (layer B.CrtYd) (width 0.05))
    (fp_line (start -3.18 1.58) (end 3.18 1.58) (layer B.CrtYd) (width 0.05))
    (fp_line (start -3.18 -1.58) (end -3.18 1.58) (layer B.CrtYd) (width 0.05))
    (fp_line (start -1.527064 -1.36) (end 1.527064 -1.36) (layer B.SilkS) (width 0.12))
    (fp_line (start -1.527064 1.36) (end 1.527064 1.36) (layer B.SilkS) (width 0.12))
    (fp_line (start 2.5 -1.25) (end -2.5 -1.25) (layer B.Fab) (width 0.1))
    (fp_line (start 2.5 1.25) (end 2.5 -1.25) (layer B.Fab) (width 0.1))
    (fp_line (start -2.5 1.25) (end 2.5 1.25) (layer B.Fab) (width 0.1))
    (fp_line (start -2.5 -1.25) (end -2.5 1.25) (layer B.Fab) (width 0.1))
    (fp_text user %R (at 0 0) (layer B.Fab)
      (effects (font (size 1 1) (thickness 0.15)) (justify mirror))
    )
    (pad 1 smd roundrect (at -2.3125 0 180) (size 1.225 2.65) (layers B.Cu B.Paste B.Mask) (roundrect_rratio 0.2040816326530612)
      (net 111 "Net-(R122-Pad2)"))
    (pad 2 smd roundrect (at 2.3125 0 180) (size 1.225 2.65) (layers B.Cu B.Paste B.Mask) (roundrect_rratio 0.2040816326530612)
      (net 112 "Net-(R123-Pad2)"))
    (model ${KISYS3DMOD}/Resistor_SMD.3dshapes/R_2010_5025Metric.wrl
      (at (xyz 0 0 0))
      (scale (xyz 1 1 1))
      (rotate (xyz 0 0 0))
    )
  )

  (module Resistor_SMD:R_2010_5025Metric (layer B.Cu) (tedit 5F68FEEE) (tstamp 6377372D)
    (at 317 118 180)
    (descr "Resistor SMD 2010 (5025 Metric), square (rectangular) end terminal, IPC_7351 nominal, (Body size source: IPC-SM-782 page 72, https://www.pcb-3d.com/wordpress/wp-content/uploads/ipc-sm-782a_amendment_1_and_2.pdf), generated with kicad-footprint-generator")
    (tags resistor)
    (path /637C8CB4)
    (attr smd)
    (fp_text reference R137 (at 0 2.28) (layer B.SilkS)
      (effects (font (size 1 1) (thickness 0.15)) (justify mirror))
    )
    (fp_text value 2k2 (at 0 -2.28) (layer B.Fab)
      (effects (font (size 1 1) (thickness 0.15)) (justify mirror))
    )
    (fp_line (start 3.18 -1.58) (end -3.18 -1.58) (layer B.CrtYd) (width 0.05))
    (fp_line (start 3.18 1.58) (end 3.18 -1.58) (layer B.CrtYd) (width 0.05))
    (fp_line (start -3.18 1.58) (end 3.18 1.58) (layer B.CrtYd) (width 0.05))
    (fp_line (start -3.18 -1.58) (end -3.18 1.58) (layer B.CrtYd) (width 0.05))
    (fp_line (start -1.527064 -1.36) (end 1.527064 -1.36) (layer B.SilkS) (width 0.12))
    (fp_line (start -1.527064 1.36) (end 1.527064 1.36) (layer B.SilkS) (width 0.12))
    (fp_line (start 2.5 -1.25) (end -2.5 -1.25) (layer B.Fab) (width 0.1))
    (fp_line (start 2.5 1.25) (end 2.5 -1.25) (layer B.Fab) (width 0.1))
    (fp_line (start -2.5 1.25) (end 2.5 1.25) (layer B.Fab) (width 0.1))
    (fp_line (start -2.5 -1.25) (end -2.5 1.25) (layer B.Fab) (width 0.1))
    (fp_text user %R (at 0 0) (layer B.Fab)
      (effects (font (size 1 1) (thickness 0.15)) (justify mirror))
    )
    (pad 1 smd roundrect (at -2.3125 0 180) (size 1.225 2.65) (layers B.Cu B.Paste B.Mask) (roundrect_rratio 0.2040816326530612)
      (net 123 "Net-(R136-Pad2)"))
    (pad 2 smd roundrect (at 2.3125 0 180) (size 1.225 2.65) (layers B.Cu B.Paste B.Mask) (roundrect_rratio 0.2040816326530612)
      (net 124 "Net-(R137-Pad2)"))
    (model ${KISYS3DMOD}/Resistor_SMD.3dshapes/R_2010_5025Metric.wrl
      (at (xyz 0 0 0))
      (scale (xyz 1 1 1))
      (rotate (xyz 0 0 0))
    )
  )

  (module Resistor_SMD:R_2010_5025Metric (layer B.Cu) (tedit 5F68FEEE) (tstamp 6377380A)
    (at 332 142 180)
    (descr "Resistor SMD 2010 (5025 Metric), square (rectangular) end terminal, IPC_7351 nominal, (Body size source: IPC-SM-782 page 72, https://www.pcb-3d.com/wordpress/wp-content/uploads/ipc-sm-782a_amendment_1_and_2.pdf), generated with kicad-footprint-generator")
    (tags resistor)
    (path /637C8D0C)
    (attr smd)
    (fp_text reference R150 (at 0 2.28) (layer B.SilkS)
      (effects (font (size 1 1) (thickness 0.15)) (justify mirror))
    )
    (fp_text value 2k2 (at 0 -2.28) (layer B.Fab)
      (effects (font (size 1 1) (thickness 0.15)) (justify mirror))
    )
    (fp_line (start -2.5 -1.25) (end -2.5 1.25) (layer B.Fab) (width 0.1))
    (fp_line (start -2.5 1.25) (end 2.5 1.25) (layer B.Fab) (width 0.1))
    (fp_line (start 2.5 1.25) (end 2.5 -1.25) (layer B.Fab) (width 0.1))
    (fp_line (start 2.5 -1.25) (end -2.5 -1.25) (layer B.Fab) (width 0.1))
    (fp_line (start -1.527064 1.36) (end 1.527064 1.36) (layer B.SilkS) (width 0.12))
    (fp_line (start -1.527064 -1.36) (end 1.527064 -1.36) (layer B.SilkS) (width 0.12))
    (fp_line (start -3.18 -1.58) (end -3.18 1.58) (layer B.CrtYd) (width 0.05))
    (fp_line (start -3.18 1.58) (end 3.18 1.58) (layer B.CrtYd) (width 0.05))
    (fp_line (start 3.18 1.58) (end 3.18 -1.58) (layer B.CrtYd) (width 0.05))
    (fp_line (start 3.18 -1.58) (end -3.18 -1.58) (layer B.CrtYd) (width 0.05))
    (fp_text user %R (at 0 0) (layer B.Fab)
      (effects (font (size 1 1) (thickness 0.15)) (justify mirror))
    )
    (pad 2 smd roundrect (at 2.3125 0 180) (size 1.225 2.65) (layers B.Cu B.Paste B.Mask) (roundrect_rratio 0.2040816326530612)
      (net 136 "Net-(R150-Pad2)"))
    (pad 1 smd roundrect (at -2.3125 0 180) (size 1.225 2.65) (layers B.Cu B.Paste B.Mask) (roundrect_rratio 0.2040816326530612)
      (net 135 "Net-(R149-Pad2)"))
    (model ${KISYS3DMOD}/Resistor_SMD.3dshapes/R_2010_5025Metric.wrl
      (at (xyz 0 0 0))
      (scale (xyz 1 1 1))
      (rotate (xyz 0 0 0))
    )
  )

  (module Resistor_SMD:R_2010_5025Metric (layer B.Cu) (tedit 5F68FEEE) (tstamp 637738D6)
    (at 347 160)
    (descr "Resistor SMD 2010 (5025 Metric), square (rectangular) end terminal, IPC_7351 nominal, (Body size source: IPC-SM-782 page 72, https://www.pcb-3d.com/wordpress/wp-content/uploads/ipc-sm-782a_amendment_1_and_2.pdf), generated with kicad-footprint-generator")
    (tags resistor)
    (path /637C8D5E)
    (attr smd)
    (fp_text reference R162 (at 0 2.28) (layer B.SilkS)
      (effects (font (size 1 1) (thickness 0.15)) (justify mirror))
    )
    (fp_text value 2k2 (at 0 -2.28) (layer B.Fab)
      (effects (font (size 1 1) (thickness 0.15)) (justify mirror))
    )
    (fp_line (start -2.5 -1.25) (end -2.5 1.25) (layer B.Fab) (width 0.1))
    (fp_line (start -2.5 1.25) (end 2.5 1.25) (layer B.Fab) (width 0.1))
    (fp_line (start 2.5 1.25) (end 2.5 -1.25) (layer B.Fab) (width 0.1))
    (fp_line (start 2.5 -1.25) (end -2.5 -1.25) (layer B.Fab) (width 0.1))
    (fp_line (start -1.527064 1.36) (end 1.527064 1.36) (layer B.SilkS) (width 0.12))
    (fp_line (start -1.527064 -1.36) (end 1.527064 -1.36) (layer B.SilkS) (width 0.12))
    (fp_line (start -3.18 -1.58) (end -3.18 1.58) (layer B.CrtYd) (width 0.05))
    (fp_line (start -3.18 1.58) (end 3.18 1.58) (layer B.CrtYd) (width 0.05))
    (fp_line (start 3.18 1.58) (end 3.18 -1.58) (layer B.CrtYd) (width 0.05))
    (fp_line (start 3.18 -1.58) (end -3.18 -1.58) (layer B.CrtYd) (width 0.05))
    (fp_text user %R (at 0 0) (layer B.Fab)
      (effects (font (size 1 1) (thickness 0.15)) (justify mirror))
    )
    (pad 2 smd roundrect (at 2.3125 0) (size 1.225 2.65) (layers B.Cu B.Paste B.Mask) (roundrect_rratio 0.2040816326530612)
      (net 2 /HVDC_NEG))
    (pad 1 smd roundrect (at -2.3125 0) (size 1.225 2.65) (layers B.Cu B.Paste B.Mask) (roundrect_rratio 0.2040816326530612)
      (net 146 "Net-(R161-Pad2)"))
